1 -1 0 -0.98827
1 -1 0 -0.15397
1 -1 0 -1.02164
1 -1 0 1.04742
1 -1 0 1.3144
1 -1 0 0.07964
1 -1 0 1.28103
1 -1 0 1.38114
1 -1 0 -0.12059
1 -1 0 0.04627
1 -1 0 1.11417
1 -1 0 -1.58896
1 -1 0 0.54685
1 -1 0 -1.4221
1 -1 0 0.98068
1 -1 0 0.91394
1 -1 0 -0.05385
1 -1 0 -0.5878
1 -1 0 -1.12175
1 -1 0 -1.95605
1 -1 0 1.21428
1 -1 0 0.17975
1 -1 0 -0.98827
1 1 0 -0.95489
1 1 0 -0.95489
1 1 0 -1.38873
1 1 0 0.4801
1 1 0 -1.72245
1 1 0 -0.85478
1 1 0 1.24766
1 1 0 -0.98827
1 1 0 -0.52106
1 1 0 0.78045
1 1 0 0.04627
1 1 0 1.24766
1 1 0 0.37999
1 1 0 0.17975
1 1 0 1.28103
1 1 0 1.24766
1 1 0 -0.88815
1 1 0 -0.28745
1 1 0 -0.28745
1 1 0 1.0808
1 1 0 0.78045
