1 -1 0 -0.11961
1 -1 0 -0.37868
1 -1 0 -0.74017
1 -1 0 -0.47317
1 -1 0 -0.53108
1 -1 0 -0.46098
1 -1 0 -0.55089
1 -1 0 -0.81607
1 -1 0 -0.38326
1 -1 0 -0.21257
1 -1 0 -0.54937
1 -1 0 -0.05712
1 -1 0 -0.08303
1 -1 0 0.36197
1 -1 0 2.3279
1 -1 0 2.41324
1 -1 0 -0.62252
1 -1 0 -0.37868
1 -1 0 1.08891
1 -1 0 3.65376
1 -1 0 -0.66565
1 -1 0 -0.6149
1 -1 0 -0.40002
1 -1 0 -0.33144
1 1 0 -0.74444
1 1 0 -0.4308
1 1 0 -0.2368
1 1 0 -0.39941
1 1 0 -0.28923
1 1 0 0.01176
1 1 0 -0.03716
1 1 0 -0.26698
1 1 0 -0.19139
1 1 0 -0.40154
1 1 0 1.98501
1 1 0 0.08461
1 1 0 -0.56019
